
=== SA ===
[(0, 38, 76, 232.5), (1, 39, 78, 216.22500000000002), (2, 38, 76, 201.08925000000002), (3, 39, 78, 187.01300250000003), (4, 40, 80, 173.92209232500002), (5, 41, 82, 161.74754586225004), (6, 42, 84, 150.42521765189255), (7, 41, 82, 139.89545241626007), (8, 42, 84, 130.10277074712187), (9, 41, 82, 120.99557679482334), (10, 40, 80, 112.52588641918571), (11, 39, 78, 104.64907436984272), (12, 38, 76, 97.32363916395374), (13, 39, 78, 90.51098442247698), (14, 40, 80, 84.17521551290359), (15, 41, 82, 78.28295042700034), (16, 42, 84, 72.80314389711032), (17, 41, 82, 67.7069238243126), (18, 42, 84, 62.967439156610716), (19, 43, 86, 58.55971841564797), (20, 42, 84, 54.46053812655261), (21, 41, 82, 50.648300457693935), (22, 40, 80, 47.102919425655365), (23, 39, 78, 43.805715065859495), (24, 38, 76, 40.73931501124933), (25, 39, 78, 37.88756296046188), (26, 38, 76, 35.23543355322955), (27, 39, 78, 32.76895320450348), (28, 40, 80, 30.47512648018824), (29, 41, 82, 28.341867626575066), (30, 40, 80, 26.357936892714815), (31, 41, 82, 24.512881310224778), (32, 40, 80, 22.796979618509045), (33, 41, 82, 21.201191045213413), (34, 40, 80, 19.717107672048474), (35, 41, 82, 18.33691013500508), (36, 41, 82, 17.053326425554726), (37, 42, 84, 15.859593575765896), (38, 41, 82, 14.749422025462284), (39, 42, 84, 13.716962483679925), (40, 43, 86, 12.756775109822332), (41, 42, 84, 11.86380085213477), (42, 41, 82, 11.033334792485336), (43, 40, 80, 10.261001357011363), (44, 39, 78, 9.542731262020569), (45, 38, 76, 8.87474007367913), (46, 39, 78, 8.25350826852159), (47, 40, 80, 7.6757626897250795), (48, 41, 82, 7.138459301444325), (49, 40, 80, 6.638767150343222), (50, 41, 82, 6.174053449819197), (51, 42, 84, 5.741869708331853), (52, 41, 82, 5.339938828748624), (53, 41, 82, 4.96614311073622), (54, 42, 84, 4.618513092984685), (55, 41, 82, 4.295217176475758), (56, 42, 84, 3.9945519741224547), (57, 41, 82, 3.714933335933883), (58, 40, 80, 3.4548880024185116), (59, 39, 78, 3.213045842249216), (60, 38, 76, 2.988132633291771), (61, 39, 78, 2.778963348961347), (62, 38, 76, 2.584435914534053), (63, 37, 74, 2.4035254005166693), (64, 37, 74, 2.2352786224805024), (65, 36, 72, 2.078809118906867), (66, 37, 74, 1.9332924805833867), (67, 36, 72, 1.7979620069425497), (68, 35, 70, 1.6721046664565713), (69, 36, 72, 1.5550573398046115), (70, 35, 70, 1.4462033260182887), (71, 35, 70, 1.3449690931970086), (72, 35, 70, 1.2508212566732182), (73, 34, 68, 1.163263768706093), (74, 33, 66, 1.0818353048966665), (75, 33, 66, 1.0061068335538998), (76, 32, 64, 0.9356793552051269), (77, 33, 66, 0.8701818003407681), (78, 32, 64, 0.8092690743169144), (79, 32, 64, 0.7526202391147304), (80, 32, 64, 0.6999368223766993), (81, 32, 64, 0.6509412448103303), (82, 32, 64, 0.6053753576736073), (83, 32, 64, 0.5629990826364548), (84, 31, 62, 0.523589146851903), (85, 30, 60, 0.4869379065722699), (86, 29, 58, 0.452852253112211), (87, 29, 58, 0.42115259539435623), (88, 29, 58, 0.3916719137167513), (89, 28, 56, 0.3642548797565787), (90, 28, 56, 0.33875703817361824), (91, 27, 54, 0.315044045501465), (92, 27, 54, 0.29299096231636246), (93, 26, 52, 0.2724815949542171), (94, 26, 52, 0.2534078833074219), (95, 26, 52, 0.2356693314759024), (96, 25, 50, 0.21917247827258926), (97, 25, 50, 0.20383040479350803), (98, 24, 48, 0.18956227645796248), (99, 23, 46, 0.1762929171059051), (100, 22, 44, 0.16395241290849177), (101, 22, 44, 0.15247574400489736), (102, 21, 42, 0.14180244192455455), (103, 20, 40, 0.13187627098983573), (104, 19, 38, 0.12264493202054724), (105, 19, 38, 0.11405978677910894), (106, 18, 36, 0.10607560170457132), (107, 17, 34, 0.09865030958525134), (108, 16, 32, 0.09174478791428375), (109, 16, 32, 0.08532265276028389), (110, 16, 32, 0.07935006706706402), (111, 16, 32, 0.07379556237236953), (112, 16, 32, 0.06862987300630367), (113, 16, 32, 0.06382578189586242), (114, 16, 32, 0.05935797716315206), (115, 16, 32, 0.05520291876173142), (116, 15, 30, 0.05133871444841022), (117, 15, 30, 0.04774500443702151), (118, 14, 28, 0.044402854126430004), (119, 13, 26, 0.04129465433757991)]

=== NODE ===
{'A': [1, 2, 3, 4, 5, 6, 7, 8, 9, 10], 'B': [2, 3, 4, 5, 6, 7, 8, 9], 'C': [1, 3, 5, 7, 9, 11], 'D': [2, 4, 6, 8, 10, 12], 'E': [1, 2, 3, 4, 5, 6, 7], 'F': [3, 6, 9, 12, 15], 'G': [1, 4, 7, 10, 13], 'H': [2, 5, 8, 11, 14], 'I': [1, 2, 3, 4, 5, 6], 'J': [6, 7, 8, 9, 10], 'K': [1, 3, 6, 9, 12], 'L': [2, 4, 6, 8, 10], 'M': [5, 10, 15, 20], 'N': [1, 2, 4, 8, 16]}

=== ARC ===
{'A': [1, 2, 3, 4, 5, 6, 7, 8, 9, 10], 'B': [2, 3, 4, 5, 6, 7, 8, 9], 'C': [1, 3, 5, 7, 9, 11], 'D': [2, 4, 6, 8, 10, 12], 'E': [1, 2, 3, 4, 5, 6, 7], 'F': [3, 6, 9, 12, 15], 'G': [1, 4, 7, 10, 13], 'H': [2, 5, 8, 11, 14], 'I': [1, 2, 3, 4, 5, 6], 'J': [6, 7, 8, 9, 10], 'K': [1, 3, 6, 9, 12], 'L': [2, 4, 6, 8, 10], 'M': [5, 10, 15, 20], 'N': [1, 2, 4, 8, 16]}

=== AC3 ===
{'A': [1, 2, 3, 4, 5, 6, 7, 8, 9, 10], 'B': [2, 3, 4, 5, 6, 7, 8, 9], 'C': [1, 3, 5, 7, 9, 11], 'D': [2, 4, 6, 8, 10, 12], 'E': [1, 2, 3, 4, 5, 6, 7], 'F': [3, 6, 9, 12, 15], 'G': [1, 4, 7, 10, 13], 'H': [2, 5, 8, 11, 14], 'I': [1, 2, 3, 4, 5, 6], 'J': [6, 7, 8, 9, 10], 'K': [1, 3, 6, 9, 12], 'L': [2, 4, 6, 8, 10], 'M': [5, 10, 15, 20], 'N': [1, 2, 4, 8, 16]}
